************************************************VALORES DETERMINÍSTICOS*************************************************

*****************************************************Dados de Barra*****************************************************
Barra   |      V      |     Ang     |    Pinj     |    Qinj     |     Pg      |     Qg      |     Pl      |     Ql   
    1   |     1.050   |      0.00   |     76.84   |     19.71   |     76.84   |     19.71   |      0.00   |      0.00
    2   |     1.051   |     -0.62   |     -0.00   |     -0.00   |     -0.00   |     -0.00   |      0.00   |      0.00
    3   |     1.029   |     -4.56   |    -42.10   |     -2.65   |      8.00   |     22.40   |     50.10   |     25.05
    4   |     1.050   |     -0.88   |     26.40   |      9.99   |     40.00   |     18.15   |     13.60   |      8.16
    5   |     1.036   |     -4.54   |     -2.80   |      9.01   |      5.80   |     14.00   |      8.60   |      4.99
    6   |     0.991   |     -8.51   |      0.00   |      0.01   |      0.00   |      0.01   |      0.00   |      0.00
    7   |     0.989   |     -8.73   |     -9.19   |     -3.67   |      0.01   |      0.01   |      9.20   |      3.68
    8   |     0.988   |     -8.69   |    -10.20   |     -3.57   |      0.00   |      0.00   |     10.20   |      3.57
    9   |     0.987   |     -8.75   |     -7.20   |     -3.24   |      0.00   |      0.00   |      7.20   |      3.24
   10   |     0.988   |     -8.69   |     -5.30   |     -2.64   |      0.00   |      0.01   |      5.30   |      2.65
   11   |     0.987   |     -8.78   |    -11.20   |     -3.92   |      0.00   |      0.00   |     11.20   |      3.92
   12   |     0.988   |     -8.78   |     -7.40   |     -2.96   |      0.00   |      0.00   |      7.40   |      2.96
   13   |     0.988   |     -8.77   |     -5.50   |     -2.48   |      0.00   |      0.00   |      5.50   |      2.48
------------------------------------------------------------------------------------------------------------------------

***************************************************  Dados de Ramos  ***************************************************

***************************************  Potência ativa e Reativa [MW] e [Mvar]  ***************************************
------------------------------------------------------------------------------------------------------------------------
 DE - PARA         P    |     PARA-  DE          P    |      DE - PARA         Q    |     PARA-  DE          Q
 2  -  4        8.26    |      4  -  2       -8.25    |      2  -  4       -0.58    |      4  -  2        0.62
 3  -  6       26.48    |      6  -  3      -26.20    |      3  -  6       11.76    |      6  -  3       -9.54
 5  -  7       31.85    |      7  -  5      -31.48    |      5  -  7       16.05    |      7  -  5      -13.07
 6  -  10      11.97    |      10 -  6      -11.95    |      6  -  10       4.45    |      10 -  6       -4.40
 6  -  8       14.01    |      8  -  6      -13.99    |      6  -  8        5.10    |      8  -  6       -5.04
 8  -  9        3.65    |      9  -  8       -3.64    |      8  -  9        1.48    |      9  -  8       -1.47
 9  -  10      -3.63    |      10 -  9        3.63    |      9  -  10      -1.77    |      10 -  9        1.77
 10 -  13       2.74    |      13 -  10      -2.74    |      10 -  13      -0.02    |      13 -  10       0.02
 7  -  13       2.96    |      13 -  7       -2.95    |      7  -  13       2.50    |      13 -  7       -2.50
 7  -  11      11.43    |      11 -  7      -11.41    |      7  -  11       3.93    |      11 -  7       -3.92
 7  -  12       7.50    |      12 -  7       -7.50    |      7  -  12       2.97    |      12 -  7       -2.96
 1  -  3       68.58    |      3  -  1      -68.58    |      1  -  3       20.20    |      3  -  1      -14.41
 1  -  2        8.26    |      2  -  1       -8.26    |      1  -  2       -0.50    |      2  -  1        0.58
 4  -  5       34.65    |      5  -  4      -34.65    |      4  -  5        9.37    |      5  -  4       -7.03

------------------------------------------------------------------------------------------------------------------------

**************************************************  Perdas ativa [MW]***************************************************
 DE - PARA     PLoss    |          QLoss
 2  -  4      0.0045    |         0.0357
 3  -  6      0.2772    |         2.2176
 5  -  7      0.3716    |         2.9727
 6  -  10     0.0145    |         0.0487
 6  -  8      0.0185    |         0.0550
 8  -  9      0.0032    |         0.0063
 9  -  10     0.0032    |         0.0063
 10 -  13     0.0012    |         0.0036
 7  -  13     0.0017    |         0.0052
 7  -  11     0.0211    |         0.0178
 7  -  12     0.0052    |         0.0097
 1  -  3      0.0000    |         5.7955
 1  -  2      0.0000    |         0.0887
 4  -  5      0.0000    |         2.3356

------------------------------------------------------------------------------------------------------------------------

*****************************************************VALORES FUZZY******************************************************

*****************************************************Dados de Barra*****************************************************
Barra   |     V1      |     V2      |     V3      |    Ang1     |    Ang2     |   Ang3   
    1   |     0.000   |     1.050   |     0.000   |     0.000   |     0.000   |     0.000
    2   |     1.051   |     1.051   |     1.051   |    -0.940   |    -0.623   |    -0.317
    3   |     1.029   |     1.029   |     1.029   |    -4.785   |    -4.557   |    -4.336
    4   |     0.000   |     1.050   |     0.000   |    -1.322   |    -0.877   |    -0.446
    5   |     1.034   |     1.036   |     1.038   |    -5.252   |    -4.544   |    -3.863
    6   |     0.991   |     0.991   |     0.991   |    -9.283   |    -8.511   |    -7.763
    7   |     0.989   |     0.989   |     0.989   |    -9.599   |    -8.733   |    -7.899
    8   |     0.988   |     0.988   |     0.988   |    -9.472   |    -8.686   |    -7.925
    9   |     0.987   |     0.987   |     0.987   |    -9.555   |    -8.755   |    -7.979
   10   |     0.988   |     0.988   |     0.988   |    -9.498   |    -8.695   |    -7.917
   11   |     0.987   |     0.987   |     0.987   |    -9.651   |    -8.781   |    -7.942
   12   |     0.988   |     0.988   |     0.988   |    -9.654   |    -8.784   |    -7.945
   13   |     0.988   |     0.988   |     0.988   |    -9.619   |    -8.774   |    -7.958
------------------------------------------------------------------------------------------------------------------------

***************************************  Potência ativa e Reativa [MW] e [Mvar]  ***************************************
------------------------------------------------------------------------------------------------------------------------
 DE - PARA        P1        P2        P3    |     PARA-  DE         P1        P2        P3    |     
 2  -  4        8.22      8.26      8.30    |      4  -  2        8.22      8.26      8.30    |     
 3  -  6       26.45     26.48     26.52    |      6  -  3       26.45     26.48     26.52    |     
 5  -  7       31.83     31.86     31.88    |      7  -  5       31.83     31.86     31.88    |     
 6  -  10      11.95     11.97     11.99    |      10 -  6       11.95     11.97     11.99    |     
 6  -  8       14.00     14.01     14.02    |      8  -  6       14.00     14.01     14.02    |     
 8  -  9        3.64      3.65      3.65    |      9  -  8        3.64      3.65      3.65    |     
 9  -  10      -3.64     -3.63     -3.62    |      10 -  9       -3.64     -3.63     -3.62    |     
 10 -  13       2.72      2.75      2.77    |      13 -  10       2.72      2.75      2.77    |     
 7  -  13       2.93      2.95      2.98    |      13 -  7        2.93      2.95      2.98    |     
 7  -  11      11.43     11.43     11.44    |      11 -  7       11.43     11.43     11.44    |     
 7  -  12       7.50      7.50      7.51    |      12 -  7        7.50      7.50      7.51    |     
 1  -  3       68.55     68.58     68.62    |      3  -  1       68.55     68.58     68.62    |     
 1  -  2        8.22      8.26      8.30    |      2  -  1        8.22      8.26      8.30    |     
 4  -  5       34.62     34.66     34.69    |      5  -  4       34.62     34.66     34.69    |     

------------------------------------------------------------------------------------------------------------------------
 DE - PARA        Q1        Q2        Q3    |     PARA-  DE         Q1        Q2        Q3
 2  -  4       -0.59     -0.59     -0.58    |      4  -  2       -0.59     -0.59     -0.58
 3  -  6       11.75     11.76     11.76    |      6  -  3       11.75     11.76     11.76
 5  -  7       16.03     16.04     16.05    |      7  -  5       16.03     16.04     16.05
 6  -  10       4.44      4.45      4.46    |      10 -  6        4.44      4.45      4.46
 6  -  8        5.09      5.10      5.10    |      8  -  6        5.09      5.10      5.10
 8  -  9        1.47      1.47      1.48    |      9  -  8        1.47      1.47      1.48
 9  -  10      -1.77     -1.77     -1.76    |      10 -  9       -1.77     -1.77     -1.76
 10 -  13      -0.03     -0.02     -0.01    |      13 -  10      -0.03     -0.02     -0.01
 7  -  13       2.49      2.50      2.51    |      13 -  7        2.49      2.50      2.51
 7  -  11       3.92      3.93      3.95    |      11 -  7        3.92      3.93      3.95
 7  -  12       2.95      2.96      2.98    |      12 -  7        2.95      2.96      2.98
 1  -  3       20.20     20.20     20.20    |      3  -  1       20.20     20.20     20.20
 1  -  2       -0.50     -0.50     -0.50    |      2  -  1       -0.50     -0.50     -0.50
 4  -  5        9.37      9.37      9.37    |      5  -  4        9.37      9.37      9.37

------------------------------------------------------------------------------------------------------------------------
***************************************************  Perdas Ativas  ****************************************************
------------------------------------------------------------------------------------------------------------------------
 DE - PARA        P1        P2        P3    |     PARA-  DE         P1        P2        P3    |     
 2  -  4     0.00446   0.00446   0.00447    |      4  -  2     0.00446   0.00446   0.00447    |     
 3  -  6     0.27691   0.27719   0.27748    |      6  -  3     0.27691   0.27719   0.27748    |     
 5  -  7     0.37114   0.37152   0.37190    |      7  -  5     0.37114   0.37152   0.37190    |     
 6  -  10    0.01450   0.01453   0.01456    |      10 -  6     0.01450   0.01453   0.01456    |     
 6  -  8     0.01848   0.01850   0.01852    |      8  -  6     0.01848   0.01850   0.01852    |     
 8  -  9     0.00322   0.00323   0.00324    |      9  -  8     0.00322   0.00323   0.00324    |     
 9  -  10    0.00320   0.00321   0.00322    |      10 -  9     0.00320   0.00321   0.00322    |     
 10 -  13    0.00119   0.00120   0.00121    |      13 -  10    0.00119   0.00120   0.00121    |     
 7  -  13    0.00171   0.00173   0.00175    |      13 -  7     0.00171   0.00173   0.00175    |     
 7  -  11    0.02105   0.02107   0.02109    |      11 -  7     0.02105   0.02107   0.02109    |     
 7  -  12    0.00516   0.00517   0.00517    |      12 -  7     0.00516   0.00517   0.00517    |     
 1  -  3     0.00000   0.00000   0.00000    |      3  -  1     0.00000   0.00000   0.00000    |     
 1  -  2     0.00000   0.00000   0.00000    |      2  -  1     0.00000   0.00000   0.00000    |     
 4  -  5     0.00000   0.00000   0.00000    |      5  -  4     0.00000   0.00000   0.00000    |     

------------------------------------------------------------------------------------------------------------------------
