************************************************VALORES DETERMINÍSTICOS*************************************************

*****************************************************Dados de Barra*****************************************************
Barra   |      V      |     Ang     |    Pinj     |    Qinj     |     Pg      |     Qg      |     Pl      |     Ql   
    1   |     1.060   |      0.00   |    258.29   |     10.46   |    258.29   |     10.46   |      0.00   |      0.00
    2   |     1.035   |     -1.23   |     18.30   |     35.73   |     40.00   |     48.43   |     21.70   |     12.70
    3   |     1.000   |     -7.53   |    -94.20   |     15.27   |      0.00   |     34.27   |     94.20   |     19.00
    4   |     1.008   |     -1.11   |    -47.80   |      3.91   |      0.00   |      0.01   |     47.80   |     -3.90
    5   |     1.011   |     -0.54   |     -7.60   |     -1.60   |      0.00   |      0.00   |      7.60   |      1.60
    6   |     1.050   |     -2.37   |    -11.20   |     11.76   |      0.00   |     19.26   |     11.20   |      7.50
    7   |     1.034   |     -1.24   |     -0.00   |      0.00   |     -0.00   |      0.00   |      0.00   |      0.00
    8   |     1.070   |     -1.24   |      0.00   |     22.98   |      0.00   |     22.98   |      0.00   |      0.00
    9   |     1.016   |     -2.00   |    -29.50   |    -16.59   |      0.00   |      0.01   |     29.50   |     16.60
   10   |     1.018   |     -1.08   |     -9.00   |     -5.79   |      0.00   |      0.01   |      9.00   |      5.80
   11   |     1.031   |     -1.37   |     -3.50   |     -1.80   |      0.00   |      0.00   |      3.50   |      1.80
   12   |     1.035   |     -2.74   |     -6.10   |     -1.60   |      0.00   |      0.00   |      6.10   |      1.60
   13   |     1.030   |     -2.73   |    -13.50   |     -5.80   |      0.00   |      0.00   |     13.50   |      5.80
   14   |     1.020   |     -2.89   |    -14.90   |     -5.00   |      0.00   |      0.00   |     14.90   |      5.00
------------------------------------------------------------------------------------------------------------------------

***************************************************  Dados de Ramos  ***************************************************

***************************************  Potência ativa e Reativa [MW] e [Mvar]  ***************************************
------------------------------------------------------------------------------------------------------------------------
 DE - PARA         P    |     PARA-  DE          P    |      DE - PARA         Q    |     PARA-  DE          Q
 1  -  2      172.23    |      2  -  1     -167.11    |      1  -  2       -3.50    |      2  -  1       19.13
 1  -  5       80.32    |      5  -  1      -77.13    |      1  -  5       13.96    |      5  -  1       -0.77
 2  -  3       75.93    |      3  -  2      -73.39    |      2  -  3        5.62    |      3  -  2        5.09
 2  -  4       57.65    |      4  -  2      -55.84    |      2  -  4        4.51    |      4  -  2        1.00
 2  -  5       42.98    |      5  -  2      -41.98    |      2  -  5        6.47    |      5  -  2       -3.41
 3  -  4      -23.64    |      4  -  3       24.09    |      3  -  4       10.18    |      4  -  3       -9.05
 4  -  5      -61.19    |      5  -  4       61.71    |      4  -  5       12.49    |      5  -  4      -10.84
 4  -  7       27.26    |      7  -  4      -27.26    |      4  -  7      -15.21    |      7  -  4       17.20
 4  -  9       15.55    |      9  -  4      -15.55    |      4  -  9       -2.24    |      9  -  4        3.57
 5  -  6       45.58    |      6  -  5      -45.58    |      5  -  6      -17.82    |      6  -  5       23.41
 6  -  11       8.12    |      11 -  6       -8.01    |      6  -  11       7.79    |      11 -  6       -7.57
 6  -  12       8.01    |      12 -  6       -7.93    |      6  -  12       3.04    |      12 -  6       -2.87
 6  -  13      18.24    |      13 -  6      -17.99    |      6  -  13       9.43    |      13 -  6       -8.93
 7  -  8       -0.00    |      8  -  7        0.00    |      7  -  8      -22.17    |      8  -  7       22.98
 7  -  9       27.26    |      9  -  7      -27.26    |      7  -  9       16.43    |      9  -  7      -15.38
 9  -  10       4.53    |      10 -  9       -4.52    |      9  -  10       0.14    |      10 -  9       -0.12
 9  -  14       8.78    |      14 -  9       -8.68    |      9  -  14       1.01    |      14 -  9       -0.80
 10 -  11      -4.47    |      11 -  10       4.51    |      10 -  11      -5.67    |      11 -  10       5.77
 12 -  13       1.83    |      13 -  12      -1.82    |      12 -  13       1.27    |      13 -  12      -1.26
 13 -  14       6.31    |      14 -  13      -6.22    |      13 -  14       4.39    |      14 -  13      -4.20

------------------------------------------------------------------------------------------------------------------------

**************************************************  Perdas ativa [MW]***************************************************
 DE - PARA     PLoss    |          QLoss
 1  -  2      5.1186    |        15.6279
 1  -  5      3.1963    |        13.1947
 2  -  3      2.5430    |        10.7138
 2  -  4      1.8141    |         5.5046
 2  -  5      1.0043    |         3.0664
 3  -  4      0.4440    |         1.1333
 4  -  5      0.5212    |         1.6439
 4  -  7      0.0000    |         1.9947
 4  -  9      0.0000    |         1.3313
 5  -  6      0.0000    |         5.5935
 6  -  11     0.1092    |         0.2286
 6  -  12     0.0819    |         0.1705
 6  -  13     0.2530    |         0.4982
 7  -  8      0.0000    |         0.8124
 7  -  9      0.0000    |         1.0459
 9  -  10     0.0063    |         0.0169
 9  -  14     0.0963    |         0.2049
 10 -  11     0.0417    |         0.0975
 12 -  13     0.0103    |         0.0093
 13 -  14     0.0958    |         0.1952

------------------------------------------------------------------------------------------------------------------------

*****************************************************VALORES FUZZY******************************************************

*****************************************************Dados de Barra*****************************************************
Barra   |     V1      |     V2      |     V3      |    Ang1     |    Ang2     |   Ang3   
    1   |     0.000   |     1.060   |     0.000   |     0.000   |     0.000   |     0.000
    2   |     0.000   |     1.035   |     0.000   |    -1.231   |    -1.231   |     2.904
    3   |     0.000   |     1.000   |     0.000   |    -7.525   |    -7.525   |    -1.482
    4   |     1.008   |     1.008   |     1.017   |    -1.106   |    -1.106   |     8.647
    5   |     1.011   |     1.011   |     1.018   |    -0.540   |    -0.540   |     8.210
    6   |     0.000   |     1.050   |     0.000   |    -2.374   |    -2.374   |    10.378
    7   |     1.034   |     1.034   |     1.035   |    -1.242   |    -1.242   |    11.472
    8   |     0.000   |     1.070   |     0.000   |    -1.242   |    -1.242   |    11.472
    9   |     1.016   |     1.016   |     1.016   |    -2.003   |    -2.003   |    11.590
   10   |     1.018   |     1.018   |     1.022   |    -1.079   |    -1.079   |    13.648
   11   |     1.031   |     1.031   |     1.035   |    -1.369   |    -1.369   |    12.853
   12   |     1.035   |     1.035   |     1.037   |    -2.742   |    -2.742   |    10.528
   13   |     1.030   |     1.030   |     1.034   |    -2.730   |    -2.730   |    10.597
   14   |     1.020   |     1.020   |     1.039   |    -2.890   |    -2.890   |    11.082
------------------------------------------------------------------------------------------------------------------------

***************************************  Potência ativa e Reativa [MW] e [Mvar]  ***************************************
------------------------------------------------------------------------------------------------------------------------
 DE - PARA        P1        P2        P3    |     PARA-  DE         P1        P2        P3    |     
 1  -  2      171.02    171.02    171.02    |      2  -  1      171.02    171.02    171.02    |     
 1  -  5       79.61     79.61     79.61    |      5  -  1       79.61     79.61     79.61    |     
 2  -  3       75.76     75.76     75.76    |      3  -  2       75.76     75.76     75.76    |     
 2  -  4       57.10     57.10     57.10    |      4  -  2       57.10     57.10     57.10    |     
 2  -  5       42.52     42.52     42.52    |      5  -  2       42.52     42.52     42.52    |     
 3  -  4      -23.99    -23.99    -23.99    |      4  -  3      -23.99    -23.99    -23.99    |     
 4  -  5      -60.86    -60.86    -60.86    |      5  -  4      -60.86    -60.86    -60.86    |     
 4  -  7       27.00     27.00     27.00    |      7  -  4       27.00     27.00     27.00    |     
 4  -  9       15.42     15.42     15.42    |      9  -  4       15.42     15.42     15.42    |     
 5  -  6       45.26     45.26     45.26    |      6  -  5       45.26     45.26     45.26    |     
 6  -  11       8.00      8.00      8.00    |      11 -  6        8.00      8.00      8.00    |     
 6  -  12       7.98      7.98      7.98    |      12 -  6        7.98      7.98      7.98    |     
 6  -  13      18.15     18.15     18.15    |      13 -  6       18.15     18.15     18.15    |     
 7  -  8       -0.00     -0.00     -0.00    |      8  -  7       -0.00     -0.00     -0.00    |     
 7  -  9       27.11     27.11     27.11    |      9  -  7       27.11     27.11     27.11    |     
 9  -  10       4.29      4.29      4.29    |      10 -  9        4.29      4.29      4.29    |     
 9  -  14       8.71      8.71      8.71    |      14 -  9        8.71      8.71      8.71    |     
 10 -  11      -4.44     -4.44     -4.44    |      11 -  10      -4.44     -4.44     -4.44    |     
 12 -  13       1.82      1.82      1.82    |      13 -  12       1.82      1.82      1.82    |     
 13 -  14       6.24      6.24      6.24    |      14 -  13       6.24      6.24      6.24    |     

------------------------------------------------------------------------------------------------------------------------
 DE - PARA        Q1        Q2        Q3    |     PARA-  DE         Q1        Q2        Q3
 1  -  2       -3.08     -3.08     -3.08    |      2  -  1       -3.08     -3.08     -3.08
 1  -  5       14.12     14.12     14.12    |      5  -  1       14.12     14.12     14.12
 2  -  3        5.68      5.68      5.68    |      3  -  2        5.68      5.68      5.68
 2  -  4        4.65      4.65      4.65    |      4  -  2        4.65      4.65      4.65
 2  -  5        6.58      6.58      6.58    |      5  -  2        6.58      6.58      6.58
 3  -  4       10.24     10.24     10.24    |      4  -  3       10.24     10.24     10.24
 4  -  5       12.07     12.07     12.07    |      5  -  4       12.07     12.07     12.07
 4  -  7      -15.25    -15.25    -15.25    |      7  -  4      -15.25    -15.25    -15.25
 4  -  9       -2.25     -2.25     -2.25    |      9  -  4       -2.25     -2.25     -2.25
 5  -  6      -17.84    -17.84    -17.84    |      6  -  5      -17.84    -17.84    -17.84
 6  -  11       7.83      7.83      7.83    |      11 -  6        7.83      7.83      7.83
 6  -  12       3.05      3.05      3.05    |      12 -  6        3.05      3.05      3.05
 6  -  13       9.44      9.44      9.44    |      13 -  6        9.44      9.44      9.44
 7  -  8      -22.18    -22.18    -22.18    |      8  -  7      -22.18    -22.18    -22.18
 7  -  9       16.41     16.41     16.41    |      9  -  7       16.41     16.41     16.41
 9  -  10       0.18      0.18      0.18    |      10 -  9        0.18      0.18      0.18
 9  -  14       0.96      0.96      0.96    |      14 -  9        0.96      0.96      0.96
 10 -  11      -5.72     -5.72     -5.72    |      11 -  10      -5.72     -5.72     -5.72
 12 -  13       1.25      1.25      1.25    |      13 -  12       1.25      1.25      1.25
 13 -  14       4.36      4.36      4.36    |      14 -  13       4.36      4.36      4.36

------------------------------------------------------------------------------------------------------------------------
***************************************************  Perdas Ativas  ****************************************************
------------------------------------------------------------------------------------------------------------------------
 DE - PARA        P1        P2        P3    |     PARA-  DE         P1        P2        P3    |     
 1  -  2     5.13647   5.13647   5.13647    |      2  -  1     5.13647   5.13647   5.13647    |     
 1  -  5     3.21194   3.21194   3.21194    |      5  -  1     3.21194   3.21194   3.21194    |     
 2  -  3     2.54319   2.54319   2.54319    |      3  -  2     2.54319   2.54319   2.54319    |     
 2  -  4     1.82297   1.82297   1.82297    |      4  -  2     1.82297   1.82297   1.82297    |     
 2  -  5     1.01062   1.01062   1.01062    |      5  -  2     1.01062   1.01062   1.01062    |     
 3  -  4     0.43120   0.43120   0.43120    |      4  -  3     0.43120   0.43120   0.43120    |     
 4  -  5     0.52165   0.52165   0.52165    |      5  -  4     0.52165   0.52165   0.52165    |     
 4  -  7     0.00000   0.00000   0.00000    |      7  -  4     0.00000   0.00000   0.00000    |     
 4  -  9     0.00000   0.00000   0.00000    |      9  -  4     0.00000   0.00000   0.00000    |     
 5  -  6     0.00000   0.00000   0.00000    |      6  -  5     0.00000   0.00000   0.00000    |     
 6  -  11    0.11052   0.11052   0.11052    |      11 -  6     0.11052   0.11052   0.11052    |     
 6  -  12    0.08236   0.08236   0.08236    |      12 -  6     0.08236   0.08236   0.08236    |     
 6  -  13    0.25428   0.25428   0.25428    |      13 -  6     0.25428   0.25428   0.25428    |     
 7  -  8     0.00000   0.00000   0.00000    |      8  -  7     0.00000   0.00000   0.00000    |     
 7  -  9     0.00000   0.00000   0.00000    |      9  -  7     0.00000   0.00000   0.00000    |     
 9  -  10    0.00494   0.00494   0.00494    |      10 -  9     0.00494   0.00494   0.00494    |     
 9  -  14    0.09692   0.09692   0.09692    |      14 -  9     0.09692   0.09692   0.09692    |     
 10 -  11    0.04205   0.04205   0.04205    |      11 -  10    0.04205   0.04205   0.04205    |     
 12 -  13    0.01033   0.01033   0.01033    |      13 -  12    0.01033   0.01033   0.01033    |     
 13 -  14    0.09620   0.09620   0.09620    |      14 -  13    0.09620   0.09620   0.09620    |     

------------------------------------------------------------------------------------------------------------------------
