************************************************VALORES DETERMINÍSTICOS*************************************************

*****************************************************Dados de Barra*****************************************************
Barra   |      V      |     Ang     |    Pinj     |    Qinj     |     Pg      |     Qg      |     Pl      |     Ql   
    1   |     1.050   |      0.00   |     78.51   |     19.99   |     78.51   |     19.99   |      0.00   |      0.00
    2   |     1.051   |     -0.67   |     -0.00   |     -0.00   |     -0.00   |     -0.00   |      0.00   |      0.00
    3   |     1.029   |     -4.62   |    -42.10   |     -2.65   |      8.00   |     22.40   |     50.10   |     25.05
    4   |     1.050   |     -0.95   |     26.40   |     10.27   |     40.00   |     18.43   |     13.60   |      8.16
    5   |     1.035   |     -4.69   |     -2.80   |      9.01   |      5.80   |     14.00   |      8.60   |      4.99
    6   |     0.990   |     -8.74   |      0.00   |      0.01   |      0.00   |      0.01   |      0.00   |      0.00
    7   |     0.988   |     -8.98   |     -9.19   |     -3.67   |      0.01   |      0.01   |      9.20   |      3.68
    8   |     0.987   |     -8.92   |    -10.20   |     -3.57   |      0.00   |      0.00   |     10.20   |      3.57
    9   |     0.986   |     -8.99   |     -7.20   |     -3.24   |      0.00   |      0.00   |      7.20   |      3.24
   10   |     0.987   |     -8.93   |     -5.30   |     -2.64   |      0.00   |      0.01   |      5.30   |      2.65
   11   |     0.986   |     -9.02   |    -11.20   |     -3.92   |      0.00   |      0.00   |     11.20   |      3.92
   12   |     0.987   |     -9.03   |     -7.40   |     -2.96   |      0.00   |      0.00   |      7.40   |      2.96
   13   |     0.987   |     -9.01   |     -5.50   |     -2.48   |      0.00   |      0.00   |      5.50   |      2.48
------------------------------------------------------------------------------------------------------------------------

***************************************************  Dados de Ramos  ***************************************************

***************************************  Potência ativa e Reativa [MW] e [Mvar]  ***************************************
------------------------------------------------------------------------------------------------------------------------
 DE - PARA         P    |     PARA-  DE          P    |      DE - PARA         Q    |     PARA-  DE          Q
 2  -  4        8.94    |      4  -  2       -8.93    |      2  -  4       -0.61    |      4  -  2        0.66
 3  -  6       27.47    |      6  -  3      -27.18    |      3  -  6       11.88    |      6  -  3       -9.52
 5  -  7       32.53    |      7  -  5      -32.15    |      5  -  7       16.19    |      7  -  5      -13.10
 6  -  10      12.44    |      10 -  6      -12.42    |      6  -  10       4.44    |      10 -  6       -4.39
 6  -  8       14.27    |      8  -  6      -14.25    |      6  -  8        5.08    |      8  -  6       -5.02
 8  -  9        3.77    |      9  -  8       -3.76    |      8  -  9        1.46    |      9  -  8       -1.45
 9  -  10      -3.58    |      10 -  9        3.58    |      9  -  10      -1.79    |      10 -  9        1.79
 10 -  13       2.99    |      13 -  10      -2.99    |      10 -  13      -0.05    |      13 -  10       0.05
 7  -  13       2.91    |      13 -  7       -2.91    |      7  -  13       2.53    |      13 -  7       -2.53
 7  -  11      11.64    |      11 -  7      -11.62    |      7  -  11       3.94    |      11 -  7       -3.92
 7  -  12       7.60    |      12 -  7       -7.60    |      7  -  12       2.97    |      12 -  7       -2.96
 1  -  3       69.57    |      3  -  1      -69.57    |      1  -  3       20.50    |      3  -  1      -14.53
 1  -  2        8.94    |      2  -  1       -8.94    |      1  -  2       -0.51    |      2  -  1        0.61
 4  -  5       35.33    |      5  -  4      -35.33    |      4  -  5        9.61    |      5  -  4       -7.18

------------------------------------------------------------------------------------------------------------------------

**************************************************  Perdas ativa [MW]***************************************************
 DE - PARA     PLoss    |          QLoss
 2  -  4      0.0052    |         0.0418
 3  -  6      0.2960    |         2.3682
 5  -  7      0.3860    |         3.0881
 6  -  10     0.0156    |         0.0522
 6  -  8      0.0191    |         0.0569
 8  -  9      0.0034    |         0.0067
 9  -  10     0.0032    |         0.0062
 10 -  13     0.0014    |         0.0043
 7  -  13     0.0017    |         0.0052
 7  -  11     0.0218    |         0.0185
 7  -  12     0.0053    |         0.0099
 1  -  3      0.0000    |         5.9645
 1  -  2      0.0000    |         0.1039
 4  -  5      0.0000    |         2.4299

------------------------------------------------------------------------------------------------------------------------

*****************************************************VALORES FUZZY******************************************************

*****************************************************Dados de Barra*****************************************************
Barra   |     V1      |     V2      |     V3      |    Ang1     |    Ang2     |   Ang3   
    1   |     0.000   |     1.050   |     0.000   |     0.000   |     0.000   |     0.000
    2   |     1.051   |     1.051   |     1.051   |    -0.991   |    -0.674   |    -0.367
    3   |     1.029   |     1.029   |     1.029   |    -4.852   |    -4.624   |    -4.404
    4   |     0.000   |     1.050   |     0.000   |    -1.393   |    -0.947   |    -0.517
    5   |     1.033   |     1.035   |     1.038   |    -5.396   |    -4.688   |    -4.007
    6   |     0.990   |     0.990   |     0.990   |    -9.508   |    -8.736   |    -7.988
    7   |     0.988   |     0.988   |     0.988   |    -9.841   |    -8.975   |    -8.140
    8   |     0.987   |     0.987   |     0.987   |    -9.701   |    -8.915   |    -8.154
    9   |     0.986   |     0.986   |     0.986   |    -9.788   |    -8.987   |    -8.212
   10   |     0.987   |     0.987   |     0.987   |    -9.732   |    -8.928   |    -8.151
   11   |     0.986   |     0.986   |     0.986   |    -9.895   |    -9.024   |    -8.185
   12   |     0.987   |     0.987   |     0.987   |    -9.897   |    -9.027   |    -8.187
   13   |     0.987   |     0.987   |     0.987   |    -9.860   |    -9.015   |    -8.199
------------------------------------------------------------------------------------------------------------------------

***************************************  Potência ativa e Reativa [MW] e [Mvar]  ***************************************
------------------------------------------------------------------------------------------------------------------------
 DE - PARA        P1        P2        P3    |     PARA-  DE         P1        P2        P3    |     
 2  -  4        8.90      8.94      8.98    |      4  -  2        8.90      8.94      8.98    |     
 3  -  6       27.44     27.47     27.51    |      6  -  3       27.44     27.47     27.51    |     
 5  -  7       32.51     32.53     32.56    |      7  -  5       32.51     32.53     32.56    |     
 6  -  10      12.42     12.44     12.46    |      10 -  6       12.42     12.44     12.46    |     
 6  -  8       14.26     14.27     14.28    |      8  -  6       14.26     14.27     14.28    |     
 8  -  9        3.76      3.77      3.78    |      9  -  8        3.76      3.77      3.78    |     
 9  -  10      -3.59     -3.58     -3.57    |      10 -  9       -3.59     -3.58     -3.57    |     
 10 -  13       2.96      2.99      3.02    |      13 -  10       2.96      2.99      3.02    |     
 7  -  13       2.88      2.91      2.93    |      13 -  7        2.88      2.91      2.93    |     
 7  -  11      11.64     11.65     11.65    |      11 -  7       11.64     11.65     11.65    |     
 7  -  12       7.60      7.60      7.61    |      12 -  7        7.60      7.60      7.61    |     
 1  -  3       69.54     69.57     69.61    |      3  -  1       69.54     69.57     69.61    |     
 1  -  2        8.90      8.94      8.98    |      2  -  1        8.90      8.94      8.98    |     
 4  -  5       35.30     35.33     35.37    |      5  -  4       35.30     35.33     35.37    |     

------------------------------------------------------------------------------------------------------------------------
 DE - PARA        Q1        Q2        Q3    |     PARA-  DE         Q1        Q2        Q3
 2  -  4       -0.62     -0.61     -0.61    |      4  -  2       -0.62     -0.61     -0.61
 3  -  6       11.88     11.88     11.89    |      6  -  3       11.88     11.88     11.89
 5  -  7       16.17     16.19     16.20    |      7  -  5       16.17     16.19     16.20
 6  -  10       4.43      4.44      4.45    |      10 -  6        4.43      4.44      4.45
 6  -  8        5.08      5.08      5.09    |      8  -  6        5.08      5.08      5.09
 8  -  9        1.45      1.46      1.46    |      9  -  8        1.45      1.46      1.46
 9  -  10      -1.79     -1.79     -1.78    |      10 -  9       -1.79     -1.79     -1.78
 10 -  13      -0.06     -0.05     -0.04    |      13 -  10      -0.06     -0.05     -0.04
 7  -  13       2.52      2.53      2.54    |      13 -  7        2.52      2.53      2.54
 7  -  11       3.92      3.93      3.95    |      11 -  7        3.92      3.93      3.95
 7  -  12       2.95      2.96      2.98    |      12 -  7        2.95      2.96      2.98
 1  -  3       20.50     20.50     20.50    |      3  -  1       20.50     20.50     20.50
 1  -  2       -0.51     -0.51     -0.51    |      2  -  1       -0.51     -0.51     -0.51
 4  -  5        9.61      9.61      9.61    |      5  -  4        9.61      9.61      9.61

------------------------------------------------------------------------------------------------------------------------
***************************************************  Perdas Ativas  ****************************************************
------------------------------------------------------------------------------------------------------------------------
 DE - PARA        P1        P2        P3    |     PARA-  DE         P1        P2        P3    |     
 2  -  4     0.00522   0.00523   0.00523    |      4  -  2     0.00522   0.00523   0.00523    |     
 3  -  6     0.29572   0.29601   0.29629    |      6  -  3     0.29572   0.29601   0.29629    |     
 5  -  7     0.38556   0.38594   0.38632    |      7  -  5     0.38556   0.38594   0.38632    |     
 6  -  10    0.01555   0.01558   0.01561    |      10 -  6     0.01555   0.01558   0.01561    |     
 6  -  8     0.01913   0.01914   0.01916    |      8  -  6     0.01913   0.01914   0.01916    |     
 8  -  9     0.00340   0.00341   0.00342    |      9  -  8     0.00340   0.00341   0.00342    |     
 9  -  10    0.00315   0.00316   0.00317    |      10 -  9     0.00315   0.00316   0.00317    |     
 10 -  13    0.00142   0.00143   0.00143    |      13 -  10    0.00142   0.00143   0.00143    |     
 7  -  13    0.00170   0.00172   0.00174    |      13 -  7     0.00170   0.00172   0.00174    |     
 7  -  11    0.02180   0.02181   0.02183    |      11 -  7     0.02180   0.02181   0.02183    |     
 7  -  12    0.00529   0.00530   0.00530    |      12 -  7     0.00529   0.00530   0.00530    |     
 1  -  3     0.00000   0.00000   0.00000    |      3  -  1     0.00000   0.00000   0.00000    |     
 1  -  2     0.00000   0.00000   0.00000    |      2  -  1     0.00000   0.00000   0.00000    |     
 4  -  5     0.00000   0.00000   0.00000    |      5  -  4     0.00000   0.00000   0.00000    |     

------------------------------------------------------------------------------------------------------------------------
