************************************************VALORES DETERMINÍSTICOS*************************************************

*****************************************************Dados de Barra*****************************************************
Barra   |      V      |     Ang     |    Pinj     |    Qinj     |     Pg      |     Qg      |     Pl      |     Ql   
    1   |     1.050   |      0.00   |   1203.70   |    528.84   |   1203.70   |    528.84   |      0.00   |      0.00
    2   |     1.052   |     -7.27   |     -0.00   |     -0.00   |     -0.00   |     -0.00   |      0.00   |      0.00
    3   |     0.945   |    -10.38   |    -42.10   |     -2.65   |      8.00   |     22.40   |     50.10   |     25.05
    4   |     1.050   |    -10.21   |     26.40   |    455.45   |     40.00   |    463.61   |     13.60   |      8.16
    5   |     0.922   |    -22.42   |     -2.80   |      9.01   |      5.80   |     14.00   |      8.60   |      4.99
    6   |     0.795   |    -38.45   |      0.01   |      0.03   |      0.01   |      0.03   |      0.00   |      0.00
    7   |     0.794   |    -41.48   |     -9.17   |     -3.63   |      0.03   |      0.05   |      9.20   |      3.68
    8   |     0.792   |    -39.25   |    -10.19   |     -3.55   |      0.01   |      0.02   |     10.20   |      3.57
    9   |     0.789   |    -39.86   |     -7.19   |     -3.22   |      0.01   |      0.02   |      7.20   |      3.24
   10   |     0.790   |    -40.07   |     -5.29   |     -2.62   |      0.01   |      0.03   |      5.30   |      2.65
   11   |     0.789   |    -41.80   |    -11.18   |     -3.91   |      0.02   |      0.01   |     11.20   |      3.92
   12   |     0.793   |    -41.67   |     -7.39   |     -2.94   |      0.01   |      0.02   |      7.40   |      2.96
   13   |     0.790   |    -41.37   |     -5.49   |     -2.46   |      0.01   |      0.02   |      5.50   |      2.48
------------------------------------------------------------------------------------------------------------------------

***************************************************  Dados de Ramos  ***************************************************

***************************************  Potência ativa e Reativa [MW] e [Mvar]  ***************************************
------------------------------------------------------------------------------------------------------------------------
 DE - PARA         P    |     PARA-  DE          P    |      DE - PARA         Q    |     PARA-  DE          Q
 2  -  4      488.64    |      4  -  2     -485.51    |      2  -  4      -37.32    |      4  -  2       62.30
 3  -  6      672.96    |      6  -  3     -629.11    |      3  -  6      327.90    |      6  -  3       22.95
 5  -  7      509.11    |      7  -  5     -485.38    |      5  -  7      251.15    |      7  -  5      -61.29
 6  -  10     298.77    |      10 -  6     -296.29    |      6  -  10     -15.67    |      10 -  6       23.98
 6  -  8      179.34    |      8  -  6     -178.50    |      6  -  8       -7.24    |      8  -  6        9.72
 8  -  9       76.04    |      9  -  8      -75.65    |      8  -  9      -13.27    |      9  -  8       14.03
 9  -  10      21.82    |      10 -  9      -21.78    |      9  -  10     -17.25    |      10 -  9       17.35
 10 -  13     135.43    |      13 -  10    -134.42    |      10 -  13     -43.95    |      13 -  10      47.01
 7  -  13      -2.19    |      13 -  7        2.28    |      7  -  13      49.74    |      13 -  7      -49.47
 7  -  11     148.71    |      11 -  7     -147.72    |      7  -  11       4.74    |      11 -  7       -3.91
 7  -  12      72.37    |      12 -  7      -72.24    |      7  -  12       3.18    |      12 -  7       -2.94
 1  -  3      715.06    |      3  -  1     -715.06    |      1  -  3      504.13    |      3  -  1     -330.55
 1  -  2      488.64    |      2  -  1     -488.64    |      1  -  2       24.72    |      2  -  1       37.32
 4  -  5      511.91    |      5  -  4     -511.91    |      4  -  5      393.16    |      5  -  4     -242.14

------------------------------------------------------------------------------------------------------------------------

**************************************************  Perdas ativa [MW]***************************************************
 DE - PARA     PLoss    |          QLoss
 2  -  4      3.1226    |        24.9812
 3  -  6     43.8560    |       350.8503
 5  -  7     23.7323    |       189.8618
 6  -  10     2.4775    |         8.3044
 6  -  8      0.8330    |         2.4775
 8  -  9      0.3872    |         0.7606
 9  -  10     0.0477    |         0.0936
 10 -  13     1.0104    |         3.0621
 7  -  13     0.0886    |         0.2685
 7  -  11     0.9893    |         0.8382
 7  -  12     0.1292    |         0.2414
 1  -  3      0.0000    |       173.5724
 1  -  2     -0.0000    |        62.0347
 4  -  5      0.0000    |       151.0135

------------------------------------------------------------------------------------------------------------------------

*****************************************************VALORES FUZZY******************************************************

*****************************************************Dados de Barra*****************************************************
Barra   |     V1      |     V2      |     V3      |    Ang1     |    Ang2     |   Ang3   
    1   |     0.000   |     1.050   |     0.000   |     0.000   |     0.000   |     0.000
    2   |     1.052   |     1.052   |     1.052   |    -7.333   |    -7.266   |    -7.202
    3   |     0.945   |     0.945   |     0.946   |   -10.419   |   -10.375   |   -10.333
    4   |     0.000   |     1.050   |     0.000   |   -10.305   |   -10.212   |   -10.122
    5   |     0.921   |     0.922   |     0.923   |   -22.579   |   -22.423   |   -22.274
    6   |     0.795   |     0.795   |     0.795   |   -38.627   |   -38.445   |   -38.268
    7   |     0.794   |     0.794   |     0.794   |   -41.687   |   -41.484   |   -41.286
    8   |     0.792   |     0.792   |     0.792   |   -39.435   |   -39.250   |   -39.068
    9   |     0.789   |     0.789   |     0.789   |   -40.047   |   -39.857   |   -39.672
   10   |     0.790   |     0.790   |     0.790   |   -40.259   |   -40.069   |   -39.884
   11   |     0.789   |     0.789   |     0.789   |   -42.001   |   -41.796   |   -41.597
   12   |     0.793   |     0.793   |     0.793   |   -41.875   |   -41.670   |   -41.471
   13   |     0.790   |     0.790   |     0.790   |   -41.567   |   -41.367   |   -41.173
------------------------------------------------------------------------------------------------------------------------

***************************************  Potência ativa e Reativa [MW] e [Mvar]  ***************************************
------------------------------------------------------------------------------------------------------------------------
 DE - PARA        P1        P2        P3    |     PARA-  DE         P1        P2        P3    |     
 2  -  4      488.63    488.64    488.65    |      4  -  2      488.63    488.64    488.65    |     
 3  -  6      672.96    672.96    672.97    |      6  -  3      672.96    672.96    672.97    |     
 5  -  7      509.11    509.11    509.12    |      7  -  5      509.11    509.11    509.12    |     
 6  -  10     298.77    298.77    298.77    |      10 -  6      298.77    298.77    298.77    |     
 6  -  8      179.34    179.34    179.34    |      8  -  6      179.34    179.34    179.34    |     
 8  -  9       76.04     76.04     76.04    |      9  -  8       76.04     76.04     76.04    |     
 9  -  10      21.82     21.82     21.83    |      10 -  9       21.82     21.82     21.83    |     
 10 -  13     135.43    135.44    135.44    |      13 -  10     135.43    135.44    135.44    |     
 7  -  13      -2.20     -2.19     -2.19    |      13 -  7       -2.20     -2.19     -2.19    |     
 7  -  11     148.70    148.71    148.71    |      11 -  7      148.70    148.71    148.71    |     
 7  -  12      72.37     72.37     72.37    |      12 -  7       72.37     72.37     72.37    |     
 1  -  3      715.06    715.06    715.07    |      3  -  1      715.06    715.06    715.07    |     
 1  -  2      488.63    488.64    488.65    |      2  -  1      488.63    488.64    488.65    |     
 4  -  5      511.91    511.91    511.92    |      5  -  4      511.91    511.91    511.92    |     

------------------------------------------------------------------------------------------------------------------------
 DE - PARA        Q1        Q2        Q3    |     PARA-  DE         Q1        Q2        Q3
 2  -  4      -37.32    -37.32    -37.31    |      4  -  2      -37.32    -37.32    -37.31
 3  -  6      327.90    327.90    327.91    |      6  -  3      327.90    327.90    327.91
 5  -  7      251.15    251.15    251.16    |      7  -  5      251.15    251.15    251.16
 6  -  10     -15.67    -15.67    -15.67    |      10 -  6      -15.67    -15.67    -15.67
 6  -  8       -7.25     -7.24     -7.24    |      8  -  6       -7.25     -7.24     -7.24
 8  -  9      -13.27    -13.27    -13.27    |      9  -  8      -13.27    -13.27    -13.27
 9  -  10     -17.25    -17.25    -17.25    |      10 -  9      -17.25    -17.25    -17.25
 10 -  13     -43.95    -43.95    -43.94    |      13 -  10     -43.95    -43.95    -43.94
 7  -  13      49.74     49.74     49.74    |      13 -  7       49.74     49.74     49.74
 7  -  11       4.74      4.74      4.75    |      11 -  7        4.74      4.74      4.75
 7  -  12       3.18      3.18      3.18    |      12 -  7        3.18      3.18      3.18
 1  -  3      504.12    504.12    504.13    |      3  -  1      504.12    504.12    504.13
 1  -  2       24.72     24.72     24.72    |      2  -  1       24.72     24.72     24.72
 4  -  5      393.15    393.16    393.16    |      5  -  4      393.15    393.16    393.16

------------------------------------------------------------------------------------------------------------------------
***************************************************  Perdas Ativas  ****************************************************
------------------------------------------------------------------------------------------------------------------------
 DE - PARA        P1        P2        P3    |     PARA-  DE         P1        P2        P3    |     
 2  -  4     3.12263   3.12265   3.12266    |      4  -  2     3.12263   3.12265   3.12266    |     
 3  -  6    43.85588  43.85597  43.85607    |      6  -  3    43.85588  43.85597  43.85607    |     
 5  -  7    23.73204  23.73231  23.73257    |      7  -  5    23.73204  23.73231  23.73257    |     
 6  -  10    2.47751   2.47754   2.47758    |      10 -  6     2.47751   2.47754   2.47758    |     
 6  -  8     0.83295   0.83296   0.83297    |      8  -  6     0.83295   0.83296   0.83297    |     
 8  -  9     0.38722   0.38722   0.38723    |      9  -  8     0.38722   0.38722   0.38723    |     
 9  -  10    0.04765   0.04765   0.04765    |      10 -  9     0.04765   0.04765   0.04765    |     
 10 -  13    1.01041   1.01043   1.01045    |      13 -  10    1.01041   1.01043   1.01045    |     
 7  -  13    0.08857   0.08859   0.08862    |      13 -  7     0.08857   0.08859   0.08862    |     
 7  -  11    0.98932   0.98934   0.98936    |      11 -  7     0.98932   0.98934   0.98936    |     
 7  -  12    0.12917   0.12917   0.12917    |      12 -  7     0.12917   0.12917   0.12917    |     
 1  -  3     0.00000   0.00000   0.00000    |      3  -  1     0.00000   0.00000   0.00000    |     
 1  -  2    -0.00000  -0.00000  -0.00000    |      2  -  1    -0.00000  -0.00000  -0.00000    |     
 4  -  5     0.00000   0.00000   0.00000    |      5  -  4     0.00000   0.00000   0.00000    |     

------------------------------------------------------------------------------------------------------------------------
