% Sistema de 3 barras
%
Sbase
100.
99999
%
Barras 
% barras
% NB tipo  va       vb    vc  teta teta teta
 1   2    1.050  1.050 1.050  0.0  0.0  0.0    0.0 100.0    0.0     0.0    -9999 9999 0
 2   1    1.050  1.050 1.050  0.0  0.0  0.0    0.0  50.0    0.0     0.0    -9999 9999 0
 3   1    1.070  1.070 1.070  0.0  0.0  0.0    0.0   0.0    0.0     0.0    -9999 9999 0
 4   0    1.000  1.000 1.000  0.0  0.0  0.0    0.0   0.0   70.0    70.0    -9999 9999 0
 5   0    1.000  1.000 1.000  0.0  0.0  0.0    0.0   0.0   70.0    70.0    -9999 9999 0
 6   0    1.000  1.000 1.000  0.0  0.0  0.0    0.0   0.0   70.0    70.0    -9999 9999 0
99999
%
Ramos
1 2 10 20 8  1
1 4  5 20 8  1
1 5  8 30 12 1
2 3  5 25 12 1
2 4  5 10 4  1
2 5 10 30 8  1
2 6  7 20 10 1
3 5 12 26 10 1
3 6  2 10 4  1
4 5 20 40 16 1
5 6 10 03 12 1
99999
%
Barras_Fuzzy
% barras fuzzy com cargas e geração
% PG  PG  PG  QG  QG  QG  PC   PC   PC   QC   QC   QC
1 0.0 0.0 0.0 95.0 100.0 105.0   0.0   0.0   0.0  0.0   0.0   0.0
2 0.0 0.0 0.0 47.5  50.0  52.5   0.0   0.0   0.0  0.0   0.0   0.0
3 0.0 0.0 0.0  0.0   0.0   0.0   0.0   0.0   0.0  0.0   0.0   0.0
4 0.0 0.0 0.0  0.0   0.0   0.0  66.5  70.0  73.5 66.5  70.0  73.5
5 0.0 0.0 0.0  0.0   0.0   0.0  66.5  70.0  73.5 66.5  70.0  73.5
6 0.0 0.0 0.0  0.0   0.0   0.0  66.5  70.0  73.5 66.5  70.0  73.5
99999
%
Universo_Discurso
100.0
99999
%
Precisao_Universo_Discurso
0.1
99999
