% Sistema de 13 barras
%
Sbase
500.0
99999
%
Barras 
% barras
% NB tipo    va 	vb  	vc 	       a 	b 	c 
1     2   	1.050 	1.050 	1.050 	   0 	0 	0   0   0 0 0   -9999 99999 0
2     0   	1.0 	1.0 	1.0 	   0 	0 	0   0   0 0 0   -9999 99999 0
3     0   	1.0 	1.0 	1.0 	   0 	0 	0   0   0 0 0	-9999 99999 0
4     1   	1.0505 	1.0505 	1.0505 	   0 	0 	0   0   0 0 0	-9999 99999 0
5     0   	1.0   	1.0   	1.0   	   0 	0 	0   0   0 0 0	-9999 99999 0
6     0   	1.0 	1.0 	1.0 	   0 	0 	0   0   0 0 0	-9999 99999 0
7     0   	1.0   	1.0   	1.0   	   0 	0 	0   0   0 0 0	-9999 99999 0
8     0   	1.0 	1.0 	1.0 	   0 	0 	0   0   0 0 0	-9999 99999 0
9     0   	1.0   	1.0   	1.0   	   0 	0 	0   0   0 0 0	-9999 99999 0
10    0   	1.0   	1.0   	1.0   	   0 	0 	0   0   0 0 0	-9999 99999 0
11    0   	1.0   	1.0   	1.0   	   0 	0 	0   0   0 0 0	-9999 99999 0
12    0   	1.0   	1.0   	1.0   	   0 	0 	0   0   0 0 0	-9999 99999 0
13    0   	1.0   	1.0   	1.0   	   0 	0 	0   0   0 0 0	-9999 99999 0
99999
%
Ramos
% |   |   R        |   X     |   B/2    |  X'mer  |
% |   |  pu        |  pu     |   pu     | TAP (a) |
2 	4 	0.7191 	5.7528 	    0.0			1.0
3 	6 	3.4975 	27.9802 	0.0			1.0
5 	7 	3.1276 	25.0212 	0.0			1.0
6 	10 	0.8748 	2.9322 	  2.606	       1.0
6 	8 	0.8172 	2.4306 	  2.172        1.0
8 	9 	2.0377 	4.0027 	 0.7710        1.0
9 	10 	1.9181 	3.7675 	 0.7260        1.0
10 	13 	1.5550 	4.7124 	 2.3520        1.0
7 	13 	1.1274 	3.4165 	 1.7060        1.0
7 	11 	1.4098 	1.1944 	 4.3880        1.0
7 	12 	0.7764 	1.4508 	 2.0640        1.0
1 	3 	0.0 	12.5 	    0.0         1.0
1 	2 	0.0 	14.2857 	0.0         1.0
4 	5 	0.0 	20.0 		0.0         1.0
99999
%
Barras_Fuzzy
% barras fuzzy com cargas e geração
%    PG  	PG  	PG  	QG  	QG  	QG		P1 		P2 		P3 		P1 		P2 		P3
1	0	0	0	0	0	0	0	0	   0	0	   0	0
2	0	0	0	0	0	0	0	0	   0  	0	   0	0
3	35	40	45	105	112	135	247	250.5  254	123.5	125.25	127
4	196	200	204	0	0	0	66	68	70	39.6	40.8	42
5	27	29	31	63	70	77	41	43	45	23.75	24.95	26.1
6	0	0	0	0	0	0	0	0	0	0	0	0
7	0	0	0	0	0	0	44	46	48	17.6	18.4	19.2
8	0	0	0	0	0	0	49	51	53	17.15	17.85	18.55
9	0	0	0	0	0	0	34	36	38	15.3	16.2	17.1
10	0	0	0	0	0	0	24.5	26.5	28.5	12.25	13.25	14.25
11	0	0	0	0	0	0	54	56	58	18.9	19.6	20.3
12	0	0	0	0	0	0	35	37	39	14	14.8	15.6
13	0	0	0	0	0	0	26.5	27.5	28.5	11.9	12.4	12.85
99999
%
Universo_Discurso
100.0
99999
%
Precisao_Universo_Discurso
0.1
99999