% Sistema de 13 barras
%
Sbase
100.
99999
%
Barras 
% barras
% NB tipo  va 	vb  	vc 	a 	b 	c 
1     2   	0  	1.050 	0   0 	0 	0 
2     0   	0  	1.0 	0   0 	0 	0 
3     0   	0  	1.0 	0   0 	0 	0 
4     1   	0  	1.0505 	0   0 	0 	0 
5     0   	0  	1.0   	0   0 	0 	0 
6     0   	0  	1.0 	0   0 	0 	0 
7     0   	0  	1.0   	0   0 	0 	0 
8     0   	0  	1.0 	0   0 	0 	0 
9     0   	0  	1.0   	0   0 	0 	0 
10    0   	0  	1.0   	0   0 	0 	0 
11    0   	0  	1.0   	0   0 	0 	0 
12    0   	0  	1.0   	0   0 	0 	0 
13    0   	0  	1.0   	0   0 	0 	0 
99999
%
Ramos
% |   |   R        |   X     |   B/2    |  X'mer  |
% |   |  pu        |  pu     |   pu     | TAP (a) |
2 	4 	0.007191 	0.057528 	0.0			1.0
3 	6 	0.034975 	0.279802 	0.0			1.0
5 	7 	0.031276 	0.250212 	0.0			1.0
6 	10 	0.008748 	0.029322 	0.002606	1.0
6 	8 	0.008172 	0.024306 	0.002172    1.0
8 	9 	0.020377 	0.040027 	0.000771    1.0
9 	10 	0.019181 	0.037675 	0.000726    1.0
10 	13 	0.015550 	0.047124 	0.002352    1.0
7 	13 	0.011274 	0.034165 	0.001706    1.0
7 	11 	0.014098 	0.011944 	0.004388    1.0
7 	12 	0.007764 	0.014508 	0.002064    1.0
1 	3 	0.0 		0.125 		0.0         1.0
1 	2 	0.0 		0.142857 	0.0         1.0
4 	5 	0.0 		0.20 		0.0         1.0
99999
%
Barras_Fuzzy
% barras fuzzy com cargas e geração
%    PG  	PG  	PG  	PG		QG    	QG  	QG  	QG		P1 		P2 		P3 		P4      P1 		P2 		P3 		P4
1    0 		0 		0 		0 		0 		0 		0 		0 		0.0 	0.0 	0.0 	0.0		0.0 	0.0 	0.0 	0.0
2    0.0 	0.0 	0.0 	0.0 	0.0 	0.0 	0.0 	0.0 	0.0 	0.0 	0.0 	0.0     0.0 	0.0 	0.0 	0.0
3    0.07 	0.076 	0.084 	0.09 	0.21 	0.228 	0.252 	0.27 	0.494 	0.498 	0.504 	0.508   0.247 	0.249 	0.252 	0.254
4    0.392 	0.396 	0.404 	0.408 	0 		0 		0 		0 		0.132 	0.134 	0.138 	0.140   0.0792 	0.0804 	0.0828 	0.084
5    0.054 	0.056 	0.060 	0.062 	0.126 	0.1307 	0.1493 	0.154	0.082 	0.084 	0.088 	0.090   0.0475 	0.0487 	0.0510 	0.0522
6    0.0 	0.0 	0.0 	0.0 	0.0 	0.0 	0.0 	0.0 	0.0 	0.0 	0.0 	0.0     0.0 	0.0 	0.0 	0.0
7    0.0 	0.0 	0.0 	0.0 	0.0 	0.0 	0.0 	0.0 	0.088 	0.09 	0.094 	0.096   0.0352 	0.036 	0.0376 	0.0384
8    0.0 	0.0 	0.0 	0.0 	0.0 	0.0 	0.0 	0.0 	0.098 	0.1 	0.104 	0.106   0.0343 	0.035 	0.0364 	0.0371
9    0.0 	0.0 	0.0 	0.0 	0.0 	0.0 	0.0 	0.0 	0.068 	0.07 	0.074 	0.076   0.0306 	0.0315 	0.0333 	0.0342
10   0.0 	0.0 	0.0 	0.0 	0.0 	0.0 	0.0 	0.0 	0.049 	0.051 	0.055 	0.057   0.0245 	0.0255 	0.0275 	0.0285
11   0.0 	0.0 	0.0 	0.0 	0.0 	0.0 	0.0 	0.0 	0.108 	0.11 	0.114 	0.116   0.0378 	0.0385 	0.0399 	0.0406
12   0.0 	0.0 	0.0 	0.0 	0.0 	0.0 	0.0 	0.0 	0.07 	0.072 	0.076 	0.078   0.028 	0.0288 	0.0304 	0.0312
13   0.0 	0.0 	0.0 	0.0 	0.0 	0.0 	0.0 	0.0 	0.053 	0.054 	0.056 	0.057   0.0238 	0.0243 	0.0252 	0.0257
99999
%
Universo_Discurso
100.0
99999
%
Precisao_Universo_Discurso
0.1
99999