% Sistema de 13 barras
%
Sbase
100.0
99999
%
Barras 
% barras
% NB tipo    va 	vb  	vc 	       a 	b 	c 
1     2   	1.060 1.060  1.060	   0 	0 	0   0   0 0 0   -9999 99999 0
2     1   	1.045 1.045  1.045     0 	0 	0   0   0 0 0   -9999 99999 0
3     1   	1.010 1.010  1.010     0 	0 	0   0   0 0 0	-9999 99999 0
4     0   	1.000 1.000  1.000 	   0 	0 	0   0   0 0 0	-9999 99999 0
5     0   	1.000 1.000  1.000	   0 	0 	0   0   0 0 0	-9999 99999 0
6     1   	1.070 1.070  1.070     0 	0 	0   0   0 0 0	-9999 99999 0
7     0   	1.000 1.000  1.000	   0 	0 	0   0   0 0 0	-9999 99999 0
8     1   	1.090 1.090  1.090     0 	0 	0   0   0 0 0	-9999 99999 0
9     0   	1.000 1.000  1.000	   0 	0 	0   0   0 0 0	-9999 99999 19.0
10    0   	1.000 1.000  1.000	   0 	0 	0   0   0 0 0	-9999 99999 0
11    0   	1.000 1.000  1.000	   0 	0 	0   0   0 0 0	-9999 99999 0
12    0   	1.000 1.000  1.000	   0 	0 	0   0   0 0 0	-9999 99999 0
13    0   	1.000 1.000  1.000	   0 	0 	0   0   0 0 0	-9999 99999 0
14    0     1.000 1.000  1.000	   0 	0 	0   0   0 0 0	-9999 99999 0
99999
%
Ramos
% |   |   R        |   X     |   B/2    |  X'mer  |
 1   2   1.940   5.92  5.28  1.000
 1   5   5.403  22.30  4.92  1.000
 2   3   4.699  19.80  4.38  1.000
 2   4   5.811  17.63  3.74  1.000
 2   5   5.695  17.39  3.40  1.000
 3   4   6.701  17.10  3.46  1.000
 4   5   1.335   4.21  1.28  1.000
 4   7   0.000  20.91  0.00  1.023
 4   9   0.000  55.62  0.00  1.032
 5   6   0.000  25.20  0.00  1.073
 6  11   9.498  19.89  0.00  1.000
 6  12  12.291  25.58  0.00  1.000
 6  13   6.615  13.03  0.00  1.000
 7   8   0.000  17.61  0.00  1.000
 7   9   0.000  11.00  0.00  1.000
 9  10   3.181   8.45  0.00  1.000
 9  14  12.711  27.04  0.00  1.000
10  11   8.205  19.21  0.00  1.000
12  13  22.092  19.99  0.00  1.000
13  14  17.093  34.80  0.00  1.000
99999
%
Barras_Fuzzy
% barras fuzzy com cargas e geração
%    PG  	PG  	PG  	QG  	QG  	QG		P1 		P2 		P3 		P1 		P2 		P3
1	0	0	0	0	0	0	0	0	0	0	0	0
2	38	40	42	0	0	0	20.615	21.7	22.785	12.065	12.7	13.335
3	0	0	0	0	0	0	89.49	94.2	98.91	18.05	19	19.95
4	0	0	0	0	0	0	45.41	47.8	50.19	-3.705	-3.9	-4.095
5	0	0	0	0	0	0	7.22	7.6	    7.98	1.52	1.6	1.68
6	0	0	0	0	0	0	10.64	11.2	11.76	7.125	7.5	7.875
7	0	0	0	0	0	0	0	0	0	0	0	0
8	0	0	0	0	0	0	0	0	0	0	0	0
9	0	0	0	0	0	0	28.025	29.5	30.975	15.77	16.6	17.43
10	0	0	0	0	0	0	8.55	9	9.45	5.51	5.8	6.09
11	0	0	0	0	0	0	3.325	3.5	3.675	1.71	1.8	1.89
12	0	0	0	0	0	0	5.795	6.1	6.405	1.52	1.6	1.68
13	0	0	0	0	0	0	12.825	13.5	14.175	5.51	5.8	6.09
14	0	0	0	0	0	0	14.155	14.9	15.645	4.75	5	5.25
99999
%
Universo_Discurso
100.0
99999
%
Precisao_Universo_Discurso
0.1
99999