% Sistema de 13 barras
%
Sbase
100.0
99999
%
Barras 
% barras
% NB tipo    va 	vb  	vc 	       a 	b 	c 
1     2   	1.060 1.060  1.060	   0 	0 	0   0   0 0 0   -9999 99999 0
2     1   	1.045 1.045  1.045     0 	0 	0   0   0 0 0   -9999 99999 0
3     1   	1.010 1.010  1.010     0 	0 	0   0   0 0 0	-9999 99999 0
4     0   	1.000 1.000  1.000 	   0 	0 	0   0   0 0 0	-9999 99999 0
5     0   	1.000 1.000  1.000	   0 	0 	0   0   0 0 0	-9999 99999 0
6     1   	1.070 1.070  1.070     0 	0 	0   0   0 0 0	-9999 99999 0
7     0   	1.000 1.000  1.000	   0 	0 	0   0   0 0 0	-9999 99999 0
8     1   	1.090 1.090  1.090     0 	0 	0   0   0 0 0	-9999 99999 0
9     0   	1.000 1.000  1.000	   0 	0 	0   0   0 0 0	-9999 99999 19.0
10    0   	1.000 1.000  1.000	   0 	0 	0   0   0 0 0	-9999 99999 0
11    0   	1.000 1.000  1.000	   0 	0 	0   0   0 0 0	-9999 99999 0
12    0   	1.000 1.000  1.000	   0 	0 	0   0   0 0 0	-9999 99999 0
13    0   	1.000 1.000  1.000	   0 	0 	0   0   0 0 0	-9999 99999 0
14    0     1.000 1.000  1.000	   0 	0 	0   0   0 0 0	-9999 99999 0
99999
%
Ramos
% |   |   R        |   X     |   B/2    |  X'mer  |
 1   2   0   5.92  5.28  1.000
 1   5   0  22.30  4.92  1.000
 2   3   0  19.80  4.38  1.000
 2   4   0  17.63  3.74  1.000
 2   5   0  17.39  3.40  1.000
 3   4   0  17.10  3.46  1.000
 4   5   0   4.21  1.28  1.000
 4   7   0 20.91  0.00  1.023
 4   9   0 55.62  0.00  1.032
 5   6   0 25.20  0.00  1.073
 6  11   0  19.89  0.00  1.000
 6  12   0  25.58  0.00  1.000
 6  13   0  13.03  0.00  1.000
 7   8   0 17.61  0.00  1.000
 7   9   0 11.00  0.00  1.000
 9  10   0   8.45  0.00  1.000
 9  14   0  27.04  0.00  1.000
10  11   0  19.21  0.00  1.000
12  13   0  19.99  0.00  1.000
13  14   0  34.80  0.00  1.000
99999
%
Barras_Fuzzy
% barras fuzzy com cargas e geração
%    PG  	PG  	PG  	QG  	QG  	QG		P1 		P2 		P3 		P1 		P2 		P3
1	0	0	0	0	0	0	0	0	0	0	0	0
2	40	40	40	0	0	0	21.7	21.7	21.7	12.7	12.7	12.7
3	0	0	0	0	0	0	94.2	94.2	94.2	19	19	19
4	0	0	0	0	0	0	47.8	47.8	47.8	-3.9	-3.9	-3.9
5	0	0	0	0	0	0	7.6	7.6	7.6	1.6	1.6	1.6
6	0	0	0	0	0	0	11.2	11.2	11.2	7.5	7.5	7.5
7	0	0	0	0	0	0	0	0	0	0	0	0
8	0	0	0	0	0	0	0	0	0	0	0	0
9	0	0	0	0	0	0	29.5	29.5	29.5	16.6	16.6	16.6
10	0	0	0	0	0	0	9	9	9	5.8	5.8	5.8
11	0	0	0	0	0	0	3.325	3.5	3.675	1.71	1.8	1.89
12	0	0	0	0	0	0	6.1	6.1	6.1	1.6	1.6	1.6
13	0	0	0	0	0	0	13.5	13.5	13.5	5.8	5.8	5.8
14	0	0	0	0	0	0	14.9	14.9	14.9	5	5	5
99999
%
Universo_Discurso
100.0
99999
%
Precisao_Universo_Discurso
0.1
99999