% Sistema de 13 barras
%
Sbase
500.
99999
%
Barras 
% barras
% NB tipo  va 	vb  	vc 	a 	b 	c 
1     2   	0  	1.050 	0   0 	0 	0   0   0 0 0   -9999 99999 0
2     0   	0  	1.0 	0   0 	0 	0   0   0 0 0   -9999 99999 0
3     0   	0  	1.0 	0   0 	0 	0   0   0 0 0	-9999 99999 0
4     1   	0  	1.0505 	0   0 	0 	0   0   0 0 0	-9999 99999 0
5     0   	0  	1.0   	0   0 	0 	0   0   0 0 0	-9999 99999 0
6     0   	0  	1.0 	0   0 	0 	0   0   0 0 0	-9999 99999 0
7     0   	0  	1.0   	0   0 	0 	0   0   0 0 0	-9999 99999 0
8     0   	0  	1.0 	0   0 	0 	0   0   0 0 0	-9999 99999 0
9     0   	0  	1.0   	0   0 	0 	0   0   0 0 0	-9999 99999 0
10    0   	0  	1.0   	0   0 	0 	0   0   0 0 0	-9999 99999 0
11    0   	0  	1.0   	0   0 	0 	0   0   0 0 0	-9999 99999 0
12    0   	0  	1.0   	0   0 	0 	0   0   0 0 0	-9999 99999 0
13    0   	0  	1.0   	0   0 	0 	0   0   0 0 0	-9999 99999 0
99999
%
Ramos
% |   |   R        |   X     |   B/2    |  X'mer  |
% |   |  pu        |  pu     |   pu     | TAP (a) |
2 	4 	0.007191 	0.057528 	0.0			1.0
3 	6 	0.034975 	0.279802 	0.0			1.0
5 	7 	0.031276 	0.250212 	0.0			1.0
6 	10 	0.008748 	0.029322 	0.2606	    1.0
6 	8 	0.008172 	0.024306 	0.2172     1.0
8 	9 	0.020377 	0.040027 	0.0771     1.0
9 	10 	0.019181 	0.037675 	0.0726     1.0
10 	13 	0.015550 	0.047124 	0.2352     1.0
7 	13 	0.011274 	0.034165 	0.1706     1.0
7 	11 	0.014098 	0.011944 	0.4388     1.0
7 	12 	0.007764 	0.014508 	0.2064     1.0
1 	3 	0.0 		0.125 		0.0         1.0
1 	2 	0.0 		0.142857 	0.0         1.0
4 	5 	0.0 		0.20 		0.0         1.0
99999
%
Barras_Fuzzy
% barras fuzzy com cargas e geração
%    PG  	PG  	PG  	QG  	QG  	QG		P1 		P2 		P3 		P1 		P2 		P3
1	0.00	0.00	0.00	0.00	0.00	0.00	0.00	0.00	0.00	0.00	0.00	0.00
2	0.00	0.00	0.00	0.00	0.00	0.00	0.00	0.00	0.00	0.00	0.00	0.00
3	7.00	8.00	9.00	21.00	22.40	27.00	49.40	50.10	50.80	24.70	25.05	25.40
4	39.20	40.00	40.80	0.00	0.00	0.00	13.20	13.60	14.00	7.92	8.16	8.40
5	5.40	5.80	6.20	12.60	14.00	15.40	8.20	8.60	9.00	4.75	4.99	5.22
6	0.00	0.00	0.00	0.00	0.00	0.00	0.00	0.00	0.00	0.00	0.00	0.00
7	0.00	0.00	0.00	0.00	0.00	0.00	8.80	9.20	9.60	3.52	3.68	3.84
8	0.00	0.00	0.00	0.00	0.00	0.00	9.80	10.20	10.60	3.43	3.57	3.71
9	0.00	0.00	0.00	0.00	0.00	0.00	6.80	7.20	7.60	3.06	3.24	3.42
10	0.00	0.00	0.00	0.00	0.00	0.00	4.90	5.30	5.70	2.45	2.65	2.85
11	0.00	0.00	0.00	0.00	0.00	0.00	10.80	11.20	11.60	3.78	3.92	4.06
12	0.00	0.00	0.00	0.00	0.00	0.00	7.00	7.40	7.80	2.80	2.96	3.12
13	0.00	0.00	0.00	0.00	0.00	0.00	5.30	5.50	5.70	2.38	2.48	2.57
99999
%
Universo_Discurso
100.0
99999
%
Precisao_Universo_Discurso
0.1
99999