% Sistema de 14 barras
%
Sbase
100.
99999
%
Barras 
% barras
% NB tipo  va vb  vc teta teta teta  PGi | QGi | PLi | QLi |  Qmin | Qmax |
1     2   0  1.060 0   0 0 0      0     0     0     0       0       0
2     1   0  1.045 0   0 0 0     40   42.4  21.7   12.7    -40     50
3     1   0  1.010 0   0 0 0      0   23.4  94.2   19.0     0      40
4     0   0  1.0   0   0 0 0      0     0   47.8   -3.9     0       0
5     0   0  1.0   0   0 0 0      0     0    7.6    1.6     0       0
6     1   0  1.070 0   0 0 0      0   12.2  11.2    7.5    -6      24
7     0   0  1.0   0   0 0 0      0     0    0.0    0.0     0       0
8     1   0  1.090 0   0 0 0      0   17.4   0.0    0.0    -6      24
9     0   0  1.0   0   0 0 0      0     0   29.5   16.6     0       0
10    0   0  1.0   0   0 0 0      0     0    9.0    5.8     0       0
11    0   0  1.0   0   0 0 0      0     0    3.5    1.8     0       0
12    0   0  1.0   0   0 0 0      0     0    6.1    1.6     0       0
13    0   0  1.0   0   0 0 0      0     0   13.5    5.8     0       0
14    0   0  1.0   0   0 0 0      0     0   14.9    5.0     0       0
15    0   0  1.0   0   0 0 0      0     0   14.9    5.0     0       0
16    0   0  1.0   0   0 0 0      0     0   14.9    5.0     0       0
17    0   0  1.0   0   0 0 0      0     0   14.9    5.0     0       0
18    0   0  1.0   0   0 0 0      0     0   14.9    5.0     0       0
19    0   0  1.0   0   0 0 0      0     0   14.9    5.0     0       0
20    0   0  1.0   0   0 0 0      0     0   14.9    5.0     0       0
21    0   0  1.0   0   0 0 0      0     0   14.9    5.0     0       0
99999
%
Ramos
% | From |  To   |   R     |   X     |     B/2  |  X'mer  |
% | Bus  | Bus   |  pu     |  pu     |     pu   | TAP (a) |
 1      2       0.01938   0.05917    0.0264         1
 2      3       0.05403   0.22304    0.0246         1
 3      4       0.04699   0.19797    0.0219         1
 4      5       0.05811   0.17632    0.0170         1
 5      6       0.05695   0.17388    0.0173         1
 6      7       0.06701   0.17103    0.0064         1
 7      8       0.01335   0.04211    0.0            1
 8      9       0.0       0.20912    0.0            0.978
 9     10       0.0       0.55618    0.0            0.969
10     11       0.0       0.25202    0.0            0.932
11     12       0.09498   0.19890    0.0            1
12     13       0.12291   0.25581    0.0            1
13     14       0.06615   0.13027    0.0            1
14     15       0.0       0.17615    0.0            1
15     16       0.0       0.11001    0.0            1
16     17       0.03181   0.08450    0.0            1
17     18       0.12711   0.27038    0.0            1
18     19       0.08205   0.19207    0.0            1
19     20       0.22092   0.19988    0.0            1
20     21       0.17093   0.34802    0.0            1 
99999
%
Barras_Fuzzy
% barras fuzzy com cargas e geração
%    PG  PG  PG  QG    QG  QG  PC   PC    PC   QC   QC   QC
1    0   0  0  0   0    0   0    0    0   0   0     0
2    0 40.0 0  0 42.4   0   0  21.7   0   0  12.7   0
3    0   0  0  0 23.4   0   0  94.2   0   0  19.0   0
4    0   0  0  0   0    0   0  47.8   0   0  -3.9   0
5    0   0  0  0   0    0   0   7.6   0   0   1.6   0
6    0   0  0  0 12.2   0   0  11.2   0   0   7.5   0
7    0   0  0  0   0    0   0   0.0   0   0   0.0   0
8    0   0  0  0 17.4   0   0   0.0   0   0   0.0   0
9    0   0  0  0   0    0   0  29.5   0   0  16.6   0
10   0   0  0  0   0    0   0   9.0   0   0   5.8   0
11   0   0  0  0   0    0   0   3.5   0   0   1.8   0
12   0   0  0  0   0    0   0   6.1   0   0   1.6   0
13   0   0  0  0   0    0   0  13.5   0   0   5.8   0
14   0   0  0  0   0    0   0  14.9   0   0   5.0   0
15   0   0  0  0   0    0   0  14.9   0   0   5.0   0
16   0   0  0  0   0    0   0  14.9   0   0   5.0   0
17   0   0  0  0   0    0   0  14.9   0   0   5.0   0
18   0   0  0  0   0    0   0  14.9   0   0   5.0   0
19   0   0  0  0   0    0   0  14.9   0   0   5.0   0
20   0   0  0  0   0    0   0  14.9   0   0   5.0   0
21   0   0  0  0   0    0   0  14.9   0   0   5.0   0
99999
%
Universo_Discurso
100.0
99999
%
Precisao_Universo_Discurso
0.1
99999