% Sistema de 3 barras
%
Sbase
100.
99999
%
Barras 
 1   2    0.97 1.000  1.03 0.00 0.0 0.0 350.0 112.5    0.0     0.0      0  1
 2   0    0.97 1.000  1.03 0.00 0.0 0.0 250.0  37.5   50.0    37.5      0  1
 3   1    0.95 0.980  1.01 0.00 0.0 0.0 250.0  37.5  100.0    75.0      0  1
99999
%
Ramos
 1   2   0.1   1.0    2  1.00
 2   3   0.2   2.0    4  1.00
 1   3   0.1   1.0    2  1.00
99999
%
Barras_Fuzzy
1  0   0   0   0    0    0    0       0    0       0       0      0 
2  0   0   0   0    0    0    4.65    5    5.35    1.86    2    2.14
3  0   0   0   0    0    0   13.95    15   16.05   0       0      0
99999
%
Universo_Discurso
15000.0
99999
Precisao_Universo_Discurso
0.01
99999