% Sistema de 3 barras
%
Sbase
100.
99999
%
Barras 
 1  2  1.000  0.0    0.0  0.0    0.0     0.0    0.0  0 
 2  1  1.000  0.0   50.0 10.0    0.0     0.0    0.0  0  
 3  0  1.000  0.0    0.0  0.0  200.0     0.0    0.0  1 
99999
%
Ramos
 1   2   0.2   2.0    40.0  1.00
 2   3   0.2   2.0    40.0  1.00
 1   3   0.2   2.0    40.0  1.00
99999
%
Barras_Fuzzy
1 0 0 0 0 0 0 0 0 0 0 0 0 0 0 0 0 
2 0 0 0 0 0 0 0 0 0 0 0 0 0 0 0 0 
3 0 0 0 0 0 0 0 0 190.0 195.0 205.0 210.0 0 0 0 0 
99999
%
Universo_Discurso
15000.0
99999
Precisao_Universo_Discurso
0.01
99999