% Sistema de 3 barras
%
Sbase
100.
99999
%
Barras 
 1  2  1.000  0.0  350.0 112.5    0.0     0.0    0.0 1
 2  1  1.000  0.0  250.0  37.5   50.0    37.5    0.0 1
 3  1  1.000  0.0  250.0  37.5  100.0    75.0    0.0 1
 4  0  1.000  0.0    0.0   0.0  200.0   150.0    0.0 1 
 5  0  1.000  0.0    0.0   0.0  200.0   150.0    0.0 1
 6  0  1.000  0.0    0.0   0.0  300.0   225.0    0.0 1
99999
%
Ramos
 1   2  0.011  0.2    0.08  1.00
 1   3  0.011  0.2    0.08  1.00
 1   4  0.011  0.2    0.08  1.00
 2   5  0.011  0.2    0.08  1.00
 3   5  0.011  0.2    0.08  1.00
 3   6  0.011  0.2    0.08  1.00
 4   6  0.011  0.2    0.08  1.00
 5   6  0.011  0.2    0.08  1.00
99999
%
Barras_Fuzzy
% barras fuzzy com cargas e geração
1 320 340 360 370 90 105 120 125 0 0 0 0 0 0 0 0 
2 230 240 260 270 25 30 42 50 30 55 65 70 25 30 40 45 
3 230 240 260 270 25 30 42 50 90 95 105 110 65 70 80 85 
4 0 0 0 0 0 0 0 0 190 195 205 210 140 145 155 160
5 0 0 0 0 0 0 0 0 190 195 205 210 140 145 155 160
6 0 0 0 0 0 0 0 0 285 295 305 310 210 220 230 235
99999
%
Universo_Discurso
15000.0
99999
Precisao_Universo_Discurso
0.01
99999