% Sistema de 3 barras
%
Sbase
100.
99999
%
Barras 
% barras
% NB tipo  va       vb    vc  teta teta teta
 1   2    1.000  1.000 1.000  0.0  0.0  0.0  350.0 112.5    0.0     0.0    0.0 1
 2   1    1.000  1.000 1.000  0.0  0.0  0.0  250.0  37.5   50.0    37.5    0.0 1
 3   1    1.000  1.000 1.000  0.0  0.0  0.0  250.0  37.5  100.0    75.0    0.0 1
 4   0    1.000  1.000 1.000  0.0  0.0  0.0    0.0   0.0  200.0   150.0    0.0 1 
 5   0    1.000  1.000 1.000  0.0  0.0  0.0    0.0   0.0  200.0   150.0    0.0 1
 6   0    1.000  1.000 1.000  0.0  0.0  0.0    0.0   0.0  300.0   225.0    0.0 1
99999
%
Ramos
 1   2  0.011  0.2    0.08  1.00
 1   3  0.011  0.2    0.08  1.00
 1   4  0.011  0.2    0.08  1.00
 2   5  0.011  0.2    0.08  1.00
 3   5  0.011  0.2    0.08  1.00
 3   6  0.011  0.2    0.08  1.00
 4   6  0.011  0.2    0.08  1.00
 5   6  0.011  0.2    0.08  1.00
99999
%
Barras_Fuzzy
% barras fuzzy com cargas e geração
%  PG    PG    PG    QG     QG      QG     PC   PC   PC   QC     QC     QC
1 332.5 350.0 367.5 106.875 112.5 118.125   0       0    0       0      0       0 
2 237.5 250.0 262.5 35.625   37.5  39.375   47.5   50   52.5   35.625   37.5  39.375 
3 237.5 250.0 262.5 35.625   37.5  39.375   95     100  105     71.25   75     78.75
4  0     0      0     0     0       0      190    200   210    142.5   150  157.5
5  0     0      0     0     0       0      190    200   210    142.5   150  157.5
6  0     0      0     0     0       0      285    300   315    213.75  225  236.25
99999
%
Universo_Discurso
100.0
99999
%
Precisao_Universo_Discurso
0.1
99999
